9780128154816
9780128184110
9780128236819
9780128158265
9780128196571
9780128160657
9780128186985
9780128237687
9780128212592
9780128221457
9780128152249
9780128154977
9780128162293
9780323852692
9780444641922
9780323897754
9780128177266
9780128179512
9780444639349
9780128153444
9780128160916
9780128180327
9780128237670
9780128215753
9780128148952
9780128140031
9780128147214
9780128152980
9780323857697
9780128204887
9780128205990
9780128128855
9780128164006
9780128210802
9780128167786
9780128155998
9780128216026
9780128194829
9780128218723
9780128182062
9780128146873
9780128159873
9780128157794
9780128158210
9780128219850
9780128237106
9780128199688
9780323855129
9780128186923
9780128159156
9780128200759
9780128171219
9780128183533
9780128127629
9780128141281
9780128160367
9780128128329
9780128243602
9780444639981
9780128181720
9780128173862
9780128164594
9780128001363
9780128185360
9780128167663
9780128134139
9780128160947
9780128210574
9780128198148
9780128222188
9780323857185
9780128217245
9780128176658
9780128169506
9780081028940
9780128235508
9780128149485
9780128160282
9780128157398
9780128187128
9780128178157
9780128211847
9780128161173
9780128242896
9780081029657
9780128175361
9780128212189
9780128168097
9780323854634
9780128153123
9780128127421
9780323854139
9780128222799
9780128207734
9780128206553
9780128038109
9780128196809
9780128131251
9780128189610
9780081027042
9780128188392
9780128195284
9780128097380
9780128198407
9780128130049
9780128221952
9780128178805
9780128165447
9780128179451
9780128214312
9780323854016
9780323918985
9780128114193
9780128163412
9780323984065
9780444641342
9780128164419
9780323851763
9780081029275
9780128195703
9780128162125
9780128200278
9780128178546
9780128236963
9780128131930
9780323884990
9780128243206
9780081026922
9780128170120
9780444642004
9780128205600
9780128187623
9780128134955
9780128156827
9780081020791
9780128142912
9780128000489
9780128117712
9780128153918
9780128144558
9780128167205
9780128223734
9780128186497
9780128176764
9780128179352
9780128182666
9780128204900
9780128181225
9780128134542
9780128167748
9780128233726
9780128207307
9780081026762
9780128160794
9780081026335
9780444643193
9780128146590
9780128192467